0.000000000000000000e+00 2.000000000000000042e-02 5.000000000000000278e-02 5.000000000000000971e-02 2.700000000000000733e-01 2.300000000000000377e-01 1.999999999999999695e-02 5.000000000000000278e-02 6.000000000000000472e-02 3.400000000000001354e-01 1.299999999999999767e-01 -4.100000000000001976e-01 -4.600000000000002420e-01 -1.800000000000000211e-01 1.900000000000000022e-01 2.100000000000000477e-01 8.000000000000000167e-02 1.700000000000000122e-01 -1.299999999999999767e-01 -1.600000000000000033e-01 -4.200000000000002065e-01 -4.000000000000000083e-02 8.999999999999999667e-02 2.200000000000000566e-01 9.999999999999999167e-02 -3.200000000000001177e-01 3.000000000000000583e-02 -4.000000000000000083e-02 -1.800000000000000211e-01 -1.099999999999999867e-01 -3.469446951953614189e-18 1.399999999999999856e-01 8.999999999999999667e-02 -2.700000000000000733e-01 -1.199999999999999817e-01 -2.300000000000000655e-01 2.600000000000000644e-01 -7.000000000000000666e-02 -2.200000000000000566e-01 1.499999999999999944e-01 3.000000000000000999e-01 3.000000000000000999e-01 2.400000000000000466e-01 1.499999999999999944e-01 -3.000000000000000583e-02 -3.400000000000001354e-01 2.100000000000000477e-01 3.000000000000000999e-01 3.400000000000001354e-01 2.400000000000000466e-01 -2.100000000000000477e-01 -1.499999999999999944e-01 -2.500000000000000555e-01 -1.199999999999999817e-01 9.999999999999999167e-02 2.100000000000000477e-01 4.100000000000001976e-01 3.100000000000001088e-01 -1.700000000000000122e-01 2.000000000000000389e-02 -1.800000000000000211e-01 -2.100000000000000477e-01 -1.299999999999999767e-01 1.099999999999999867e-01
2.000000000000000042e-02 0.000000000000000000e+00 -2.999999999999999889e-02 4.000000000000000083e-02 6.000000000000001166e-02 2.800000000000000822e-01 2.400000000000000466e-01 2.999999999999999889e-02 6.000000000000000472e-02 5.000000000000000278e-02 3.300000000000001266e-01 9.999999999999999167e-02 -4.200000000000002065e-01 -4.500000000000002331e-01 -1.700000000000000122e-01 1.799999999999999933e-01 2.400000000000000744e-01 5.000000000000000278e-02 1.600000000000000033e-01 -1.199999999999999817e-01 -1.900000000000000300e-01 -4.300000000000002154e-01 -2.999999999999999889e-02 8.000000000000000167e-02 2.500000000000000555e-01 8.999999999999999667e-02 -3.500000000000001443e-01 6.000000000000000472e-02 -5.000000000000000278e-02 -1.700000000000000122e-01 -1.199999999999999817e-01 2.999999999999999889e-02 1.499999999999999944e-01 6.000000000000000472e-02 -2.600000000000000644e-01 -8.999999999999999667e-02 -2.200000000000000566e-01 2.300000000000000655e-01 -6.000000000000000472e-02 -1.900000000000000300e-01 1.600000000000000033e-01 2.700000000000000733e-01 2.900000000000000910e-01 2.300000000000000655e-01 1.199999999999999817e-01 -6.000000000000000472e-02 -3.300000000000001266e-01 2.200000000000000566e-01 2.900000000000000910e-01 3.500000000000001443e-01 2.100000000000000477e-01 -2.200000000000000566e-01 -1.600000000000000033e-01 -2.400000000000000466e-01 -8.999999999999999667e-02 8.999999999999999667e-02 2.200000000000000566e-01 4.200000000000002065e-01 2.800000000000000822e-01 -2.000000000000000389e-01 3.000000000000000583e-02 -1.900000000000000300e-01 -2.200000000000000566e-01 -1.399999999999999856e-01
5.000000000000000278e-02 -2.999999999999999889e-02 0.000000000000000000e+00 4.300000000000002154e-01 -8.200000000000005063e-01 6.100000000000003197e-01 4.700000000000001954e-01 7.300000000000004263e-01 3.200000000000001177e-01 8.500000000000005329e-01 -3.122502256758252770e-17 8.000000000000000167e-02 4.700000000000001954e-01 -6.100000000000003197e-01 -1.660000000000001252e+00 -6.400000000000003464e-01 -6.100000000000003197e-01 1.030000000000000693e+00 -6.600000000000003642e-01 1.250000000000000888e+00 -5.000000000000000278e-02 8.000000000000000167e-02 4.200000000000002065e-01 -3.000000000000000999e-01 7.100000000000004086e-01 -2.319999999999994511e+00 9.600000000000006306e-01 6.000000000000003247e-02 -6.900000000000003908e-01 -5.400000000000002576e-01 1.480000000000001092e+00 -4.700000000000002509e-01 3.200000000000001177e-01 1.320000000000000950e+00 2.500000000000000555e-01 6.700000000000003730e-01 -1.580000000000001181e+00 -6.100000000000003197e-01 1.480000000000001092e+00 -7.700000000000004619e-01 2.600000000000000644e-01 1.070000000000000728e+00 1.020000000000000684e+00 1.740000000000001323e+00 8.400000000000005240e-01 2.900000000000001465e-01 -8.900000000000005684e-01 8.600000000000005418e-01 5.100000000000002309e-01 6.400000000000003464e-01 7.400000000000004352e-01 3.200000000000001177e-01 2.900000000000000910e-01 1.299999999999999489e-01 2.999999999999997113e-02 6.800000000000003819e-01 5.400000000000002576e-01 -7.000000000000000666e-02 2.249999999999996003e+00 2.700000000000000733e-01 1.650000000000001243e+00 1.640000000000001235e+00 -5.200000000000002398e-01 8.900000000000005684e-01
5.000000000000000971e-02 4.000000000000000083e-02 4.300000000000002154e-01 0.000000000000000000e+00 -6.100000000000003197e-01 -3.700000000000001621e-01 3.469446951953614189e-18 1.099999999999999867e-01 -1.650000000000001243e+00 -2.600000000000000644e-01 2.100000000000000477e-01 4.600000000000002420e-01 -3.000000000000000999e-01 -6.700000000000003730e-01 3.000000000000000583e-02 1.800000000000000211e-01 -4.000000000000001887e-01 2.999999999999999889e-02 4.700000000000002509e-01 -6.000000000000003109e-01 1.310000000000000941e+00 1.130000000000000782e+00 -6.800000000000003819e-01 3.800000000000001710e-01 -9.999999999999999167e-02 1.299999999999999767e-01 -3.800000000000001710e-01 3.800000000000001710e-01 -2.199999999999999734e-01 -3.100000000000001088e-01 4.200000000000002065e-01 2.000000000000000389e-01 1.000000000000000368e-02 2.400000000000000466e-01 -1.199999999999999817e-01 2.500000000000000555e-01 -5.100000000000002309e-01 -1.160000000000000808e+00 3.300000000000001266e-01 -1.260000000000000897e+00 -1.900000000000000300e-01 -4.000000000000000083e-02 -2.300000000000000655e-01 2.600000000000000644e-01 -9.000000000000005773e-01 2.600000000000000644e-01 -3.100000000000001643e-01 -9.300000000000006040e-01 3.000000000000000999e-01 -1.900000000000000300e-01 4.000000000000001887e-01 7.800000000000004707e-01 -1.020000000000000684e+00 -5.000000000000000278e-02 8.500000000000005329e-01 3.100000000000001088e-01 -3.600000000000001532e-01 -8.600000000000005418e-01 -5.000000000000000278e-02 1.430000000000001048e+00 -3.100000000000001088e-01 2.500000000000000555e-01 1.060000000000000719e+00 6.000000000000000472e-02
2.700000000000000733e-01 6.000000000000001166e-02 -8.200000000000005063e-01 -6.100000000000003197e-01 0.000000000000000000e+00 3.000000000000000583e-02 -7.900000000000004796e-01 2.300000000000000655e-01 2.600000000000000644e-01 1.210000000000000853e+00 -5.400000000000002576e-01 6.300000000000003375e-01 6.200000000000003286e-01 -8.400000000000005240e-01 -8.700000000000005507e-01 -1.099999999999999867e-01 1.020000000000000684e+00 1.180000000000000826e+00 1.030000000000000693e+00 -9.999999999999996739e-03 -1.080000000000000737e+00 1.570000000000001172e+00 -7.000000000000000666e-02 -1.780000000000001359e+00 -3.059999999999978737e+00 5.200000000000002398e-01 -8.999999999999996891e-02 6.400000000000003464e-01 -1.399999999999999856e-01 2.200000000000000289e-01 -1.499999999999999944e-01 5.400000000000002576e-01 2.000000000000003164e-02 -2.700000000000000733e-01 -4.800000000000002598e-01 3.400000000000001354e-01 9.100000000000005862e-01 9.500000000000006217e-01 -6.400000000000003464e-01 2.700000000000000733e-01 2.000000000000000389e-01 -1.099999999999999867e-01 5.000000000000002220e-01 1.670000000000001261e+00 1.599999999999999756e-01 1.700000000000001288e+00 8.000000000000000167e-02 1.070000000000000728e+00 -2.500000000000000555e-01 -6.800000000000003819e-01 8.500000000000005329e-01 3.600000000000001532e-01 -1.800000000000000211e-01 -4.200000000000002065e-01 -1.290000000000000924e+00 4.700000000000002509e-01 5.100000000000002309e-01 -1.600000000000000033e-01 -1.660000000000001252e+00 -5.100000000000002309e-01 -1.700000000000000122e-01 -3.100000000000001088e-01 -7.100000000000004086e-01 -1.199999999999999817e-01
2.300000000000000377e-01 2.800000000000000822e-01 6.100000000000003197e-01 -3.700000000000001621e-01 3.000000000000000583e-02 0.000000000000000000e+00 2.800000000000000822e-01 1.299999999999999767e-01 -1.000000000000000368e-02 -7.500000000000004441e-01 -3.000000000000000999e-01 3.200000000000001177e-01 4.500000000000002331e-01 8.600000000000005418e-01 1.599999999999999756e-01 -7.300000000000004263e-01 3.100000000000001088e-01 4.400000000000001688e-01 -4.000000000000000083e-02 -8.999999999999999667e-02 3.500000000000001443e-01 8.200000000000005063e-01 1.370000000000000995e+00 9.700000000000006395e-01 -3.400000000000001354e-01 2.600000000000000644e-01 6.000000000000003109e-01 1.070000000000000728e+00 1.180000000000000826e+00 4.800000000000002043e-01 1.399999999999999578e-01 9.999999999999968983e-03 -3.000000000000000999e-01 -4.200000000000001510e-01 3.100000000000001088e-01 -1.080000000000000737e+00 -5.000000000000002220e-01 -4.900000000000002132e-01 4.500000000000001776e-01 4.000000000000000083e-02 8.999999999999996891e-02 -5.000000000000002220e-01 -2.300000000000000377e-01 1.380000000000001004e+00 -1.699999999999999845e-01 -8.000000000000000167e-02 -2.200000000000000289e-01 1.199999999999999817e-01 6.700000000000003730e-01 -4.300000000000002154e-01 -4.600000000000002420e-01 2.500000000000000555e-01 -3.000000000000000999e-01 -4.400000000000002243e-01 1.399999999999999578e-01 2.300000000000000377e-01 -2.100000000000000200e-01 7.000000000000000666e-02 -2.400000000000000744e-01 -2.200000000000000289e-01 -4.900000000000002132e-01 -6.100000000000003197e-01 4.700000000000002509e-01 -4.500000000000001776e-01
1.999999999999999695e-02 2.400000000000000466e-01 4.700000000000001954e-01 3.469446951953614189e-18 -7.900000000000004796e-01 2.800000000000000822e-01 0.000000000000000000e+00 -7.500000000000004441e-01 3.900000000000001799e-01 2.400000000000000466e-01 -1.460000000000001075e+00 6.000000000000000472e-02 7.000000000000000666e-02 6.000000000000000472e-02 1.299999999999999767e-01 8.999999999999999667e-02 -2.600000000000000644e-01 1.399999999999999856e-01 4.900000000000002132e-01 -8.999999999999999667e-02 7.400000000000004352e-01 2.200000000000000566e-01 3.900000000000001799e-01 -6.400000000000003464e-01 2.000000000000000111e-01 2.100000000000000755e-01 -4.300000000000002154e-01 1.299999999999999767e-01 4.600000000000002420e-01 -4.900000000000002132e-01 -1.900000000000000300e-01 -1.900000000000000022e-01 8.000000000000000167e-02 2.900000000000000910e-01 -1.499999999999999944e-01 5.200000000000002398e-01 -3.700000000000001621e-01 -7.000000000000000666e-02 -1.199999999999999817e-01 4.000000000000000083e-02 1.700000000000000122e-01 1.380000000000001004e+00 -2.999999999999999889e-02 5.200000000000002398e-01 -1.499999999999999944e-01 -8.000000000000000167e-02 -1.700000000000000122e-01 9.900000000000006573e-01 -2.900000000000000910e-01 -2.600000000000000644e-01 2.200000000000000289e-01 -2.700000000000000733e-01 1.800000000000000211e-01 7.000000000000000666e-02 -4.900000000000002132e-01 2.300000000000000377e-01 -2.000000000000000389e-01 -4.600000000000002420e-01 6.000000000000000472e-02 -4.500000000000002331e-01 -2.069999999999999840e+00 9.999999999999999167e-02 -1.399999999999999578e-01 2.800000000000000822e-01
5.000000000000000278e-02 2.999999999999999889e-02 7.300000000000004263e-01 1.099999999999999867e-01 2.300000000000000655e-01 1.299999999999999767e-01 -7.500000000000004441e-01 0.000000000000000000e+00 -1.499999999999999944e-01 -8.000000000000000167e-02 -1.800000000000000211e-01 -5.500000000000002665e-01 -3.700000000000001621e-01 2.999999999999999889e-02 -2.000000000000000042e-02 6.000000000000000472e-02 3.800000000000001710e-01 1.299999999999999767e-01 -4.300000000000002154e-01 -4.600000000000002420e-01 -1.399999999999999856e-01 1.299999999999999767e-01 2.100000000000000477e-01 8.000000000000000167e-02 2.100000000000000477e-01 -1.700000000000000122e-01 -2.000000000000000389e-01 -4.200000000000002065e-01 -1.999999999999999695e-02 5.000000000000000278e-02 2.000000000000000389e-01 1.399999999999999856e-01 -2.800000000000000822e-01 1.000000000000000368e-02 -6.000000000000000472e-02 -1.600000000000000033e-01 -8.999999999999999667e-02 -1.999999999999999695e-02 9.999999999999999167e-02 8.999999999999999667e-02 -2.100000000000000477e-01 -9.999999999999999167e-02 -2.500000000000000555e-01 2.400000000000000744e-01 -5.000000000000000971e-02 -2.600000000000000644e-01 1.299999999999999767e-01 3.000000000000000999e-01 3.400000000000001354e-01 2.600000000000000644e-01 1.099999999999999867e-01 -8.999999999999999667e-02 -3.600000000000001532e-01 1.700000000000000122e-01 2.800000000000000822e-01 3.600000000000001532e-01 2.400000000000000466e-01 -1.700000000000000122e-01 -1.700000000000000122e-01 -2.500000000000000555e-01 -1.399999999999999856e-01 9.999999999999999167e-02 2.500000000000000555e-01 4.100000000000001976e-01
6.000000000000000472e-02 6.000000000000000472e-02 3.200000000000001177e-01 -1.650000000000001243e+00 2.600000000000000644e-01 -1.000000000000000368e-02 3.900000000000001799e-01 -1.499999999999999944e-01 0.000000000000000000e+00 3.200000000000001177e-01 -2.200000000000000566e-01 1.000000000000000368e-02 -2.100000000000000477e-01 -2.200000000000000566e-01 -1.199999999999999817e-01 1.199999999999999817e-01 2.999999999999999889e-02 3.300000000000001266e-01 9.999999999999999167e-02 -3.800000000000001710e-01 -4.300000000000002154e-01 -1.900000000000000300e-01 1.599999999999999756e-01 2.600000000000000644e-01 1.099999999999999867e-01 1.600000000000000033e-01 -1.800000000000000211e-01 -1.700000000000000122e-01 -4.100000000000001976e-01 -5.000000000000000278e-02 6.000000000000000472e-02 2.700000000000000733e-01 1.299999999999999767e-01 -3.500000000000001443e-01 2.000000000000000389e-02 -2.999999999999999889e-02 -1.700000000000000122e-01 -1.399999999999999856e-01 -2.999999999999999889e-02 1.499999999999999944e-01 9.999999999999999167e-02 -2.400000000000000466e-01 -1.299999999999999767e-01 -2.200000000000000566e-01 2.500000000000000555e-01 -9.999999999999999167e-02 -2.100000000000000477e-01 1.800000000000000211e-01 3.100000000000001088e-01 3.500000000000001443e-01 2.100000000000000477e-01 8.000000000000000167e-02 -8.000000000000000167e-02 -3.700000000000001621e-01 2.400000000000000466e-01 3.100000000000001088e-01 3.700000000000001621e-01 2.700000000000000733e-01 -2.600000000000000644e-01 -1.800000000000000211e-01 -2.600000000000000644e-01 -7.000000000000000666e-02 1.299999999999999767e-01 2.400000000000000466e-01
3.400000000000001354e-01 5.000000000000000278e-02 8.500000000000005329e-01 -2.600000000000000644e-01 1.210000000000000853e+00 -7.500000000000004441e-01 2.400000000000000466e-01 -8.000000000000000167e-02 3.200000000000001177e-01 0.000000000000000000e+00 6.000000000000000472e-02 -4.000000000000000083e-02 -3.400000000000001354e-01 -6.900000000000003908e-01 -1.900000000000000300e-01 1.199999999999999817e-01 1.800000000000000211e-01 1.500000000000001110e+00 -1.299999999999999767e-01 8.000000000000000167e-02 1.399999999999999856e-01 -5.500000000000002665e-01 -8.100000000000004974e-01 -2.600000000000000644e-01 5.000000000000002220e-01 4.700000000000002509e-01 1.600000000000001199e+00 -7.999999999999997391e-02 -4.100000000000001976e-01 -3.000000000000000583e-02 3.300000000000001266e-01 -1.080000000000000737e+00 5.300000000000002487e-01 2.900000000000000910e-01 1.430000000000001048e+00 -8.000000000000000167e-02 -2.900000000000000910e-01 -1.490000000000001101e+00 1.199999999999999817e-01 6.500000000000003553e-01 4.500000000000002331e-01 8.400000000000005240e-01 2.299999999999994937e+00 -3.900000000000001799e-01 4.000000000000000083e-02 -3.300000000000001266e-01 -8.000000000000004885e-01 1.499999999999999944e-01 4.000000000000001887e-01 -9.999999999999996739e-03 -6.700000000000003730e-01 8.999999999999999667e-02 -6.000000000000000472e-02 -1.400000000000000133e-01 5.000000000000000278e-02 5.800000000000002931e-01 5.900000000000003020e-01 6.100000000000003197e-01 -7.000000000000000666e-02 -4.600000000000002420e-01 2.200000000000000289e-01 -8.600000000000005418e-01 9.999999999999996739e-03 3.000000000000003358e-02
1.299999999999999767e-01 3.300000000000001266e-01 -3.122502256758252770e-17 2.100000000000000477e-01 -5.400000000000002576e-01 -3.000000000000000999e-01 -1.460000000000001075e+00 -1.800000000000000211e-01 -2.200000000000000566e-01 6.000000000000000472e-02 0.000000000000000000e+00 -7.000000000000000666e-02 2.300000000000000655e-01 -2.500000000000000555e-01 -4.700000000000002509e-01 1.800000000000000211e-01 2.600000000000000644e-01 -5.500000000000002665e-01 1.110000000000000764e+00 -1.150000000000000799e+00 -1.560000000000001164e+00 -9.999999999999996739e-03 6.200000000000003286e-01 -5.400000000000002576e-01 -1.390000000000001013e+00 1.499999999999999944e-01 -3.800000000000001710e-01 1.290000000000000924e+00 2.089999999999999414e+00 -5.000000000000002220e-01 8.000000000000004885e-01 -4.000000000000001887e-01 4.300000000000001599e-01 -1.599999999999999756e-01 -2.020000000000000906e+00 1.599999999999999756e-01 2.900000000000000910e-01 -1.220000000000000862e+00 9.999999999999999167e-02 -3.500000000000001443e-01 -6.400000000000003464e-01 3.200000000000001177e-01 1.010000000000000675e+00 -2.300000000000000377e-01 -1.620000000000001217e+00 2.999999999999999889e-02 6.000000000000000472e-02 -3.500000000000001443e-01 -1.199999999999999817e-01 1.099999999999999867e-01 1.260000000000000897e+00 2.439999999999991953e+00 4.400000000000002243e-01 9.100000000000005862e-01 -7.500000000000004441e-01 7.600000000000004530e-01 1.290000000000000924e+00 -9.999999999999999167e-02 -1.600000000000000033e-01 -6.200000000000003286e-01 6.300000000000003375e-01 1.299999999999999767e-01 -1.450000000000001066e+00 -2.000000000000000389e-01
-4.100000000000001976e-01 9.999999999999999167e-02 8.000000000000000167e-02 4.600000000000002420e-01 6.300000000000003375e-01 3.200000000000001177e-01 6.000000000000000472e-02 -5.500000000000002665e-01 1.000000000000000368e-02 -4.000000000000000083e-02 -7.000000000000000666e-02 0.000000000000000000e+00 -2.800000000000000822e-01 -6.100000000000003197e-01 3.900000000000001799e-01 -4.700000000000002509e-01 1.150000000000000799e+00 -6.000000000000003109e-01 1.200000000000000844e+00 6.100000000000003197e-01 -1.670000000000001261e+00 5.100000000000002309e-01 -1.280000000000000915e+00 8.000000000000000167e-02 -8.400000000000005240e-01 -1.910000000000001474e+00 1.499999999999999944e-01 -8.000000000000000167e-02 -4.900000000000002132e-01 -2.999999999999997113e-02 3.000000000000000999e-01 4.200000000000002065e-01 -4.800000000000002598e-01 -2.100000000000000200e-01 -1.200000000000000844e+00 -2.800000000000000822e-01 -1.060000000000000719e+00 5.000000000000000278e-02 1.999999999999999695e-02 -2.200000000000000566e-01 -2.900000000000000910e-01 5.800000000000002931e-01 1.199999999999999817e-01 6.100000000000003197e-01 -9.500000000000006217e-01 -4.400000000000001688e-01 -1.510000000000001119e+00 -6.600000000000003642e-01 -3.300000000000001266e-01 -9.600000000000006306e-01 1.299999999999999767e-01 9.600000000000006306e-01 6.000000000000000472e-02 7.400000000000004352e-01 2.010000000000001119e+00 -1.099999999999999867e-01 -9.999999999999999167e-02 -4.500000000000002331e-01 -1.600000000000000033e-01 8.600000000000005418e-01 -6.000000000000003109e-01 3.100000000000001088e-01 -9.999999999999996739e-03 -2.100000000000000477e-01
-4.600000000000002420e-01 -4.200000000000002065e-01 4.700000000000001954e-01 -3.000000000000000999e-01 6.200000000000003286e-01 4.500000000000002331e-01 7.000000000000000666e-02 -3.700000000000001621e-01 -2.100000000000000477e-01 -3.400000000000001354e-01 2.300000000000000655e-01 -2.800000000000000822e-01 0.000000000000000000e+00 1.299999999999999767e-01 1.070000000000000728e+00 -6.600000000000003642e-01 -7.800000000000004707e-01 -5.800000000000002931e-01 3.400000000000001354e-01 2.100000000000000200e-01 3.500000000000001443e-01 1.120000000000000773e+00 -2.939999999999981295e+00 -4.800000000000002598e-01 -4.700000000000002509e-01 4.500000000000002331e-01 -8.400000000000005240e-01 -1.199999999999999817e-01 -3.900000000000001799e-01 -4.600000000000001865e-01 -1.199999999999999817e-01 9.300000000000006040e-01 -2.999999999999999889e-02 -5.000000000000000278e-02 -1.260000000000000897e+00 -7.000000000000000666e-02 -2.999999999999999889e-02 -2.829999999999983640e+00 -6.000000000000000472e-02 -4.100000000000001976e-01 -1.230000000000000870e+00 1.300000000000000933e+00 3.000000000000000583e-02 -1.650000000000001243e+00 -6.000000000000001166e-02 2.200000000000000289e-01 -1.130000000000000782e+00 -2.400000000000000466e-01 -5.900000000000003020e-01 -4.000000000000001887e-01 2.100000000000000477e-01 2.800000000000000822e-01 1.700000000000000122e-01 1.699999999999999845e-01 -1.290000000000000924e+00 -2.600000000000000644e-01 -3.800000000000001710e-01 -1.070000000000000728e+00 8.200000000000005063e-01 -1.299999999999999767e-01 1.499999999999999944e-01 -8.900000000000005684e-01 -2.000000000000000389e-02 -1.800000000000000211e-01
-1.800000000000000211e-01 -4.500000000000002331e-01 -6.100000000000003197e-01 -6.700000000000003730e-01 -8.400000000000005240e-01 8.600000000000005418e-01 6.000000000000000472e-02 2.999999999999999889e-02 -2.200000000000000566e-01 -6.900000000000003908e-01 -2.500000000000000555e-01 -6.100000000000003197e-01 1.299999999999999767e-01 0.000000000000000000e+00 -3.469446951953614189e-18 -7.000000000000000666e-02 -7.700000000000004619e-01 1.599999999999999756e-01 -6.600000000000003642e-01 -4.400000000000002243e-01 -8.200000000000005063e-01 8.500000000000005329e-01 5.300000000000002487e-01 -9.999999999999999167e-02 -4.000000000000000083e-02 4.600000000000002420e-01 -7.300000000000004263e-01 -2.400000000000000466e-01 -3.000000000000000999e-01 2.100000000000000477e-01 -1.600000000000000033e-01 -1.800000000000000211e-01 4.900000000000002132e-01 -1.770000000000001350e+00 6.100000000000003197e-01 6.600000000000003642e-01 -5.100000000000002309e-01 1.110000000000000764e+00 6.300000000000003375e-01 -7.800000000000004707e-01 -5.100000000000002309e-01 1.130000000000000782e+00 -1.999999999999999695e-02 1.510000000000001119e+00 1.900000000000000300e-01 6.400000000000003464e-01 -1.900000000000001465e+00 -1.110000000000000764e+00 4.600000000000002420e-01 -7.500000000000004441e-01 8.400000000000005240e-01 -4.500000000000002331e-01 1.999999999999999695e-02 -5.000000000000000971e-02 2.189999999999997282e+00 -1.900000000000000300e-01 2.400000000000000466e-01 6.800000000000003819e-01 5.900000000000003020e-01 -1.799999999999999933e-01 -7.000000000000000666e-02 -8.500000000000005329e-01 -8.100000000000004974e-01 -3.400000000000001354e-01
1.900000000000000022e-01 -1.700000000000000122e-01 -1.660000000000001252e+00 3.000000000000000583e-02 -8.700000000000005507e-01 1.599999999999999756e-01 1.299999999999999767e-01 -2.000000000000000042e-02 -1.199999999999999817e-01 -1.900000000000000300e-01 -4.700000000000002509e-01 3.900000000000001799e-01 1.070000000000000728e+00 -3.469446951953614189e-18 0.000000000000000000e+00 2.100000000000000200e-01 3.300000000000001266e-01 -1.100000000000000755e+00 5.600000000000003864e-01 4.100000000000001421e-01 -7.500000000000004441e-01 5.100000000000002309e-01 1.630000000000001226e+00 4.000000000000000083e-02 1.800000000000000211e-01 1.299999999999999767e-01 5.500000000000002665e-01 -5.100000000000002309e-01 -7.800000000000004707e-01 -9.100000000000005862e-01 5.400000000000002576e-01 4.900000000000003242e-01 4.100000000000001976e-01 4.600000000000001865e-01 -1.860000000000001430e+00 -4.800000000000002043e-01 1.310000000000000941e+00 -1.600000000000000033e-01 4.000000000000001887e-01 6.800000000000003819e-01 3.100000000000001088e-01 -6.000000000000000472e-02 4.200000000000002065e-01 1.170000000000000817e+00 2.359999999999993658e+00 4.000000000000001887e-01 -3.100000000000001088e-01 -1.130000000000000782e+00 -1.040000000000000702e+00 -4.100000000000001976e-01 8.000000000000004885e-01 -4.999999999999997502e-02 6.000000000000000472e-02 8.999999999999999667e-02 6.800000000000003819e-01 6.400000000000003464e-01 -1.399999999999999856e-01 1.410000000000001030e+00 1.490000000000001101e+00 3.600000000000001532e-01 1.930000000000001492e+00 4.400000000000001688e-01 -7.000000000000003997e-01 -4.200000000000002065e-01
2.100000000000000477e-01 1.799999999999999933e-01 -6.400000000000003464e-01 1.800000000000000211e-01 -1.099999999999999867e-01 -7.300000000000004263e-01 8.999999999999999667e-02 6.000000000000000472e-02 1.199999999999999817e-01 1.199999999999999817e-01 1.800000000000000211e-01 -4.700000000000002509e-01 -6.600000000000003642e-01 -7.000000000000000666e-02 2.100000000000000200e-01 0.000000000000000000e+00 -1.299999999999999767e-01 -6.100000000000003197e-01 -2.300000000000000655e-01 9.999999999999999167e-02 -4.000000000000002859e-02 -1.499999999999999944e-01 4.100000000000001976e-01 2.500000000000000555e-01 2.999999999999999889e-02 9.999999999999999167e-02 1.399999999999999856e-01 5.300000000000002487e-01 -8.700000000000005507e-01 -3.000000000000000583e-02 -1.999999999999999695e-02 2.600000000000000644e-01 4.100000000000001976e-01 -5.000000000000000278e-02 -2.600000000000000644e-01 -4.000000000000001887e-01 -1.999999999999999695e-02 7.000000000000000666e-02 1.800000000000000211e-01 3.200000000000001177e-01 -1.199999999999999817e-01 1.900000000000000300e-01 -8.000000000000000167e-02 -4.000000000000000083e-02 -8.999999999999999667e-02 -1.800000000000000211e-01 9.999999999999999167e-02 2.900000000000000910e-01 -5.000000000000000278e-02 9.999999999999999167e-02 -3.700000000000001621e-01 4.000000000000000777e-02 -2.700000000000000733e-01 -4.200000000000002065e-01 5.000000000000000278e-02 3.000000000000000999e-01 5.000000000000002220e-01 4.600000000000002420e-01 -1.000000000000000368e-02 -2.500000000000000555e-01 -5.200000000000002398e-01 8.999999999999999667e-02 3.000000000000000999e-01 3.600000000000001532e-01
8.000000000000000167e-02 2.400000000000000744e-01 -6.100000000000003197e-01 -4.000000000000001887e-01 1.020000000000000684e+00 3.100000000000001088e-01 -2.600000000000000644e-01 3.800000000000001710e-01 2.999999999999999889e-02 1.800000000000000211e-01 2.600000000000000644e-01 1.150000000000000799e+00 -7.800000000000004707e-01 -7.700000000000004619e-01 3.300000000000001266e-01 -1.299999999999999767e-01 0.000000000000000000e+00 2.500000000000000555e-01 -1.800000000000000211e-01 -1.800000000000000211e-01 -2.800000000000000822e-01 -1.499999999999999944e-01 5.000000000000000278e-02 2.800000000000000822e-01 4.600000000000002420e-01 3.400000000000001354e-01 -2.200000000000000566e-01 1.000000000000000368e-02 -2.100000000000000477e-01 -2.800000000000000822e-01 -9.999999999999999167e-02 1.399999999999999856e-01 7.000000000000000666e-02 1.399999999999999856e-01 -1.800000000000000211e-01 -2.100000000000000477e-01 -4.700000000000002509e-01 -1.099999999999999867e-01 1.199999999999999817e-01 2.900000000000000910e-01 1.499999999999999944e-01 -2.900000000000000910e-01 9.999999999999999167e-02 2.999999999999999889e-02 -2.100000000000000477e-01 -1.600000000000000033e-01 3.000000000000000583e-02 1.900000000000000300e-01 1.199999999999999817e-01 -1.800000000000000211e-01 -5.000000000000000278e-02 -2.000000000000000389e-01 1.900000000000000300e-01 -1.399999999999999856e-01 -1.700000000000000122e-01 2.000000000000000389e-01 3.300000000000001266e-01 3.700000000000001621e-01 2.700000000000000733e-01 1.600000000000000033e-01 -9.999999999999999167e-02 -3.700000000000001621e-01 2.600000000000000644e-01 3.300000000000001266e-01
1.700000000000000122e-01 5.000000000000000278e-02 1.030000000000000693e+00 2.999999999999999889e-02 1.180000000000000826e+00 4.400000000000001688e-01 1.399999999999999856e-01 1.299999999999999767e-01 3.300000000000001266e-01 1.500000000000001110e+00 -5.500000000000002665e-01 -6.000000000000003109e-01 -5.800000000000002931e-01 1.599999999999999756e-01 -1.100000000000000755e+00 -6.100000000000003197e-01 2.500000000000000555e-01 0.000000000000000000e+00 1.940000000000001501e+00 -6.400000000000003464e-01 -7.700000000000004619e-01 -5.700000000000002842e-01 -1.150000000000000799e+00 8.000000000000000167e-02 2.800000000000000822e-01 1.470000000000001084e+00 -2.100000000000000200e-01 -1.150000000000000799e+00 3.169999999999976392e+00 -9.000000000000005773e-01 1.660000000000001252e+00 -2.999999999999999889e-02 5.000000000000000278e-02 -9.300000000000006040e-01 -3.199999999999975753e+00 -3.300000000000001266e-01 -5.400000000000002576e-01 -1.780000000000001359e+00 -7.400000000000004352e-01 -9.900000000000006573e-01 2.200000000000000289e-01 1.040000000000000702e+00 2.400000000000000466e-01 -1.430000000000001048e+00 -1.460000000000001075e+00 2.400000000000000466e-01 -1.900000000000000300e-01 1.800000000000000211e-01 1.800000000000000211e-01 2.100000000000000477e-01 7.700000000000004619e-01 -7.999999999999997391e-02 -6.700000000000003730e-01 5.800000000000002931e-01 6.300000000000003375e-01 -1.800000000000000488e-01 2.300000000000000655e-01 4.600000000000002420e-01 -1.040000000000000702e+00 3.800000000000002265e-01 -4.500000000000001776e-01 5.300000000000002487e-01 -7.200000000000004174e-01 -7.100000000000004086e-01
-1.299999999999999767e-01 1.600000000000000033e-01 -6.600000000000003642e-01 4.700000000000002509e-01 1.030000000000000693e+00 -4.000000000000000083e-02 4.900000000000002132e-01 -4.300000000000002154e-01 9.999999999999999167e-02 -1.299999999999999767e-01 1.110000000000000764e+00 1.200000000000000844e+00 3.400000000000001354e-01 -6.600000000000003642e-01 5.600000000000003864e-01 -2.300000000000000655e-01 -1.800000000000000211e-01 1.940000000000001501e+00 0.000000000000000000e+00 -2.200000000000000566e-01 -3.600000000000001532e-01 -2.800000000000000822e-01 -5.100000000000002309e-01 -4.700000000000002509e-01 1.000000000000000368e-02 9.000000000000005773e-01 1.999999999999996919e-02 1.699999999999999845e-01 -7.300000000000004263e-01 -8.100000000000004974e-01 1.330000000000000959e+00 3.469446951953614189e-18 5.600000000000002753e-01 -4.300000000000001599e-01 -9.500000000000006217e-01 -9.100000000000005862e-01 -6.000000000000000472e-02 6.400000000000003464e-01 -9.999999999999999167e-02 4.000000000000000083e-02 -1.190000000000000835e+00 4.000000000000000083e-02 -1.020000000000000684e+00 8.600000000000005418e-01 2.900000000000000910e-01 1.360000000000000986e+00 4.000000000000000083e-02 -5.100000000000002309e-01 8.800000000000005596e-01 -1.000000000000000666e+00 -7.100000000000004086e-01 5.900000000000003020e-01 -1.199999999999999817e-01 -5.900000000000003020e-01 -9.800000000000006484e-01 -1.330000000000000959e+00 4.600000000000002420e-01 -1.499999999999999944e-01 -8.200000000000005063e-01 5.200000000000002398e-01 -8.200000000000005063e-01 -5.300000000000002487e-01 7.500000000000004441e-01 -8.200000000000005063e-01
-1.600000000000000033e-01 -1.199999999999999817e-01 1.250000000000000888e+00 -6.000000000000003109e-01 -9.999999999999996739e-03 -8.999999999999999667e-02 -8.999999999999999667e-02 -4.600000000000002420e-01 -3.800000000000001710e-01 8.000000000000000167e-02 -1.150000000000000799e+00 6.100000000000003197e-01 2.100000000000000200e-01 -4.400000000000002243e-01 4.100000000000001421e-01 9.999999999999999167e-02 -1.800000000000000211e-01 -6.400000000000003464e-01 -2.200000000000000566e-01 0.000000000000000000e+00 -1.080000000000000737e+00 -1.499999999999999944e-01 -2.100000000000000200e-01 -1.499999999999999944e-01 -1.199999999999999539e-01 -4.000000000000000777e-02 4.000000000000001887e-01 3.229999999999975113e+00 -5.100000000000002309e-01 -6.800000000000003819e-01 -7.800000000000004707e-01 -3.600000000000001532e-01 -9.800000000000006484e-01 8.300000000000005151e-01 -5.500000000000002665e-01 -7.000000000000003997e-01 8.400000000000005240e-01 -1.080000000000000737e+00 2.300000000000000377e-01 -2.349999999999993872e+00 -2.100000000000000477e-01 -5.400000000000002576e-01 -7.100000000000004086e-01 3.100000000000001088e-01 -2.500000000000000555e-01 4.600000000000001865e-01 9.100000000000005862e-01 2.100000000000000200e-01 -9.800000000000006484e-01 2.700000000000000733e-01 -1.450000000000001066e+00 1.800000000000000211e-01 4.400000000000001688e-01 -4.500000000000002331e-01 7.800000000000004707e-01 4.700000000000002509e-01 -3.600000000000001532e-01 9.500000000000006217e-01 -3.469446951953614189e-18 -5.100000000000002309e-01 -9.500000000000006217e-01 -6.100000000000003197e-01 -1.480000000000001092e+00 -4.000000000000001887e-01
-4.200000000000002065e-01 -1.900000000000000300e-01 -5.000000000000000278e-02 1.310000000000000941e+00 -1.080000000000000737e+00 3.500000000000001443e-01 7.400000000000004352e-01 -1.399999999999999856e-01 -4.300000000000002154e-01 1.399999999999999856e-01 -1.560000000000001164e+00 -1.670000000000001261e+00 3.500000000000001443e-01 -8.200000000000005063e-01 -7.500000000000004441e-01 -4.000000000000002859e-02 -2.800000000000000822e-01 -7.700000000000004619e-01 -3.600000000000001532e-01 -1.080000000000000737e+00 0.000000000000000000e+00 6.900000000000003908e-01 -6.000000000000000472e-02 -3.500000000000001443e-01 -6.100000000000003197e-01 -5.100000000000002309e-01 4.200000000000002065e-01 6.200000000000003286e-01 2.199999999999997069e+00 5.500000000000002665e-01 1.900000000000000300e-01 -4.600000000000002420e-01 -6.600000000000003642e-01 7.200000000000005285e-01 -5.000000000000002220e-01 7.900000000000004796e-01 4.700000000000002509e-01 -1.140000000000000790e+00 -3.999999999999997308e-02 -5.200000000000002398e-01 -4.500000000000002331e-01 1.090000000000000746e+00 -9.200000000000005951e-01 -1.099999999999999867e-01 1.710000000000001297e+00 -6.700000000000003730e-01 7.000000000000003997e-01 -4.500000000000002331e-01 8.100000000000004974e-01 3.000000000000000999e-01 -4.100000000000001976e-01 1.000000000000000368e-02 4.800000000000002598e-01 1.400000000000000133e-01 7.000000000000000666e-02 -4.000000000000001887e-01 9.900000000000006573e-01 5.200000000000002398e-01 -4.500000000000002887e-01 -1.199999999999999817e-01 4.700000000000002509e-01 -8.999999999999999667e-02 -1.499999999999999667e-01 -4.600000000000002420e-01
-4.000000000000000083e-02 -4.300000000000002154e-01 8.000000000000000167e-02 1.130000000000000782e+00 1.570000000000001172e+00 8.200000000000005063e-01 2.200000000000000566e-01 1.299999999999999767e-01 -1.900000000000000300e-01 -5.500000000000002665e-01 -9.999999999999996739e-03 5.100000000000002309e-01 1.120000000000000773e+00 8.500000000000005329e-01 5.100000000000002309e-01 -1.499999999999999944e-01 -1.499999999999999944e-01 -5.700000000000002842e-01 -2.800000000000000822e-01 -1.499999999999999944e-01 6.900000000000003908e-01 0.000000000000000000e+00 1.600000000000000033e-01 1.499999999999999944e-01 2.000000000000000389e-02 -6.700000000000003730e-01 -1.000000000000000368e-02 5.000000000000000278e-02 -3.600000000000001532e-01 5.400000000000002576e-01 2.000000000000000389e-01 5.000000000000000971e-02 -3.300000000000001266e-01 1.800000000000000211e-01 -3.800000000000001710e-01 -9.400000000000006128e-01 -5.600000000000002753e-01 1.299999999999999767e-01 5.900000000000003020e-01 5.999999999999997696e-02 4.600000000000002420e-01 -1.999999999999999695e-02 -3.700000000000001621e-01 -2.200000000000000289e-01 2.500000000000000555e-01 5.900000000000003020e-01 -9.100000000000005862e-01 5.200000000000002398e-01 -7.000000000000000666e-02 -7.700000000000004619e-01 1.780000000000001359e+00 1.030000000000000693e+00 -9.999999999999996739e-03 -8.000000000000000167e-02 -1.199999999999999817e-01 -5.100000000000002309e-01 6.000000000000000472e-02 -3.500000000000001443e-01 4.000000000000000777e-02 -2.900000000000000910e-01 -4.000000000000000777e-02 -2.100000000000000477e-01 -8.300000000000005151e-01 -3.700000000000001621e-01
8.999999999999999667e-02 -2.999999999999999889e-02 4.200000000000002065e-01 -6.800000000000003819e-01 -7.000000000000000666e-02 1.370000000000000995e+00 3.900000000000001799e-01 2.100000000000000477e-01 1.599999999999999756e-01 -8.100000000000004974e-01 6.200000000000003286e-01 -1.280000000000000915e+00 -2.939999999999981295e+00 5.300000000000002487e-01 1.630000000000001226e+00 4.100000000000001976e-01 5.000000000000000278e-02 -1.150000000000000799e+00 -5.100000000000002309e-01 -2.100000000000000200e-01 -6.000000000000000472e-02 1.600000000000000033e-01 0.000000000000000000e+00 -7.100000000000004086e-01 9.700000000000006395e-01 7.600000000000004530e-01 1.150000000000000799e+00 -3.400000000000001354e-01 2.000000000000000389e-02 -4.200000000000002065e-01 5.300000000000002487e-01 8.999999999999999667e-02 2.300000000000000377e-01 9.400000000000006128e-01 -3.600000000000001532e-01 -3.000000000000000583e-02 -3.700000000000001621e-01 -1.850000000000001421e+00 -2.900000000000000910e-01 -1.999999999999999695e-02 1.800000000000000211e-01 -8.100000000000004974e-01 -6.300000000000003375e-01 -3.300000000000001266e-01 -3.000000000000000999e-01 8.600000000000005418e-01 8.000000000000004885e-01 1.999999999999991368e-02 1.299999999999999767e-01 -2.000000000000003164e-02 1.799999999999999933e-01 8.100000000000004974e-01 3.800000000000001710e-01 7.000000000000003997e-01 2.700000000000000733e-01 1.310000000000000941e+00 -1.060000000000000719e+00 4.500000000000002331e-01 -2.000000000000000389e-02 -1.499999999999999944e-01 -3.000000000000000999e-01 -3.700000000000001066e-01 -3.000000000000000999e-01 -1.640000000000001235e+00
2.200000000000000566e-01 8.000000000000000167e-02 -3.000000000000000999e-01 3.800000000000001710e-01 -1.780000000000001359e+00 9.700000000000006395e-01 -6.400000000000003464e-01 8.000000000000000167e-02 2.600000000000000644e-01 -2.600000000000000644e-01 -5.400000000000002576e-01 8.000000000000000167e-02 -4.800000000000002598e-01 -9.999999999999999167e-02 4.000000000000000083e-02 2.500000000000000555e-01 2.800000000000000822e-01 8.000000000000000167e-02 -4.700000000000002509e-01 -1.499999999999999944e-01 -3.500000000000001443e-01 1.499999999999999944e-01 -7.100000000000004086e-01 0.000000000000000000e+00 -2.100000000000000200e-01 -6.600000000000003642e-01 -3.000000000000000999e-01 7.900000000000004796e-01 -6.800000000000003819e-01 -3.500000000000001443e-01 3.500000000000001443e-01 7.300000000000004263e-01 -9.999999999999999167e-02 7.600000000000004530e-01 3.400000000000001354e-01 -1.000000000000000368e-02 4.500000000000001776e-01 -4.000000000000000777e-02 2.800000000000000822e-01 2.600000000000000644e-01 -3.600000000000001532e-01 2.100000000000000477e-01 3.300000000000001266e-01 4.600000000000002420e-01 4.400000000000002243e-01 -2.200000000000000566e-01 5.000000000000000278e-02 3.300000000000001266e-01 -1.099999999999999867e-01 2.600000000000000644e-01 1.000000000000000368e-02 -1.900000000000000300e-01 -3.200000000000001177e-01 -2.300000000000000655e-01 1.700000000000000122e-01 2.800000000000000822e-01 -4.000000000000000083e-02 1.299999999999999767e-01 -4.000000000000000083e-02 2.700000000000000733e-01 -3.000000000000000999e-01 -4.300000000000002154e-01 2.400000000000000744e-01 4.700000000000002509e-01
