0.000000000000000000e+00 4.000000000000000083e-02 1.199999999999999817e-01 7.000000000000000666e-02 4.700000000000002509e-01 9.999999999999996392e-02 -8.000000000000000167e-02 6.000000000000000472e-02 5.000000000000000278e-02 5.100000000000002309e-01 1.700000000000000122e-01 -6.500000000000003553e-01 -9.600000000000006306e-01 -2.500000000000000555e-01 1.900000000000000022e-01 3.600000000000001532e-01 1.600000000000000033e-01 3.500000000000001443e-01 -2.000000000000000389e-01 -2.100000000000000477e-01 -4.500000000000002331e-01 -7.000000000000000666e-02 -1.600000000000000033e-01 4.200000000000002065e-01 2.100000000000000477e-01 -1.660000000000001252e+00 4.000000000000000083e-02 9.999999999999996739e-03 -5.200000000000002398e-01 -2.900000000000000910e-01 2.999999999999999889e-02 2.500000000000000555e-01 1.099999999999999867e-01 -4.100000000000001976e-01 9.999999999999999167e-02 -4.800000000000002598e-01 4.500000000000002331e-01 -1.099999999999999867e-01 -3.400000000000001354e-01 2.600000000000000644e-01 3.500000000000001443e-01 4.600000000000002420e-01 1.150000000000000799e+00 5.000000000000000278e-02 -1.600000000000000033e-01 -4.100000000000001976e-01 2.700000000000000733e-01 4.500000000000002331e-01 5.000000000000002220e-01 3.600000000000001532e-01 -6.100000000000003197e-01 -4.300000000000002154e-01 -4.700000000000002509e-01 -8.000000000000000167e-02 1.399999999999999856e-01 2.700000000000000733e-01 1.030000000000000693e+00 5.000000000000002220e-01 -6.000000000000000472e-02 8.000000000000000167e-02 -4.100000000000001976e-01 -2.700000000000000733e-01 -1.600000000000000033e-01 1.700000000000000122e-01
4.000000000000000083e-02 0.000000000000000000e+00 -2.999999999999999889e-02 1.099999999999999867e-01 9.999999999999999167e-02 5.200000000000002398e-01 1.299999999999999489e-01 -8.999999999999999667e-02 8.999999999999999667e-02 6.000000000000000472e-02 5.200000000000002398e-01 1.600000000000000033e-01 -6.600000000000003642e-01 -9.700000000000006395e-01 -2.200000000000000566e-01 1.799999999999999933e-01 3.700000000000001621e-01 1.700000000000000122e-01 3.600000000000001532e-01 -1.700000000000000122e-01 -2.400000000000000466e-01 -4.800000000000002598e-01 -1.999999999999999695e-02 -1.299999999999999767e-01 4.300000000000002154e-01 1.800000000000000211e-01 -1.650000000000001243e+00 7.000000000000000666e-02 -1.999999999999999695e-02 -5.500000000000002665e-01 -3.000000000000000999e-01 4.000000000000000083e-02 2.600000000000000644e-01 9.999999999999999167e-02 -4.000000000000001887e-01 1.299999999999999767e-01 -4.900000000000002132e-01 4.400000000000002243e-01 -1.199999999999999817e-01 -3.100000000000001088e-01 2.500000000000000555e-01 3.400000000000001354e-01 4.900000000000002132e-01 1.180000000000000826e+00 1.999999999999999695e-02 -1.700000000000000122e-01 -4.200000000000002065e-01 3.200000000000001177e-01 4.400000000000002243e-01 5.100000000000002309e-01 3.300000000000001266e-01 -6.400000000000003464e-01 -4.400000000000002243e-01 -4.800000000000002598e-01 -8.999999999999999667e-02 1.299999999999999767e-01 3.000000000000000999e-01 1.040000000000000702e+00 4.900000000000002687e-01 -5.000000000000000278e-02 5.000000000000000971e-02 -4.200000000000002065e-01 -3.000000000000000999e-01 -1.900000000000000300e-01
1.199999999999999817e-01 -2.999999999999999889e-02 0.000000000000000000e+00 4.200000000000001510e-01 -2.010000000000001119e+00 2.399999999999999911e-01 6.800000000000003819e-01 1.310000000000000941e+00 1.900000000000000022e-01 1.030000000000000693e+00 2.000000000000000111e-01 2.600000000000000644e-01 6.200000000000003286e-01 -5.200000000000002398e-01 -1.930000000000001270e+00 -1.720000000000001306e+00 -1.040000000000000702e+00 3.949999999999959766e+00 -4.500000000000001776e-01 1.760000000000001119e+00 9.100000000000005862e-01 3.400000000000001354e-01 1.000000000000000666e+00 -1.020000000000000684e+00 7.300000000000004263e-01 -4.989999999999938041e+00 1.260000000000000897e+00 3.029999999999979376e+00 -1.810000000000001386e+00 -5.800000000000002931e-01 1.850000000000001421e+00 -1.720000000000001306e+00 2.400000000000000466e-01 3.559999999999968079e+00 1.399999999999999578e-01 4.200000000000001510e-01 -3.049999999999978950e+00 -1.750000000000001332e+00 3.759999999999963816e+00 -8.800000000000005596e-01 5.900000000000003020e-01 5.500000000000002665e-01 1.160000000000000808e+00 2.489999999999990887e+00 1.680000000000001270e+00 4.800000000000003153e-01 -8.900000000000005684e-01 2.519999999999990248e+00 8.200000000000005063e-01 1.080000000000000737e+00 5.500000000000002665e-01 4.500000000000002331e-01 6.400000000000003464e-01 4.200000000000002065e-01 -7.200000000000005285e-01 9.500000000000006217e-01 9.300000000000006040e-01 -4.000000000000000083e-02 5.519999999999926743e+00 2.500000000000000555e-01 1.750000000000001332e+00 2.549999999999989608e+00 -9.600000000000006306e-01 1.300000000000000933e+00
7.000000000000000666e-02 1.099999999999999867e-01 4.200000000000001510e-01 0.000000000000000000e+00 -1.020000000000000684e+00 -4.700000000000002509e-01 3.469446951953614189e-18 9.300000000000006040e-01 -2.799999999999984279e+00 -6.600000000000003642e-01 4.400000000000002243e-01 5.900000000000003020e-01 -5.100000000000002309e-01 -1.130000000000000782e+00 3.500000000000001443e-01 4.200000000000002065e-01 -7.100000000000004086e-01 -8.999999999999999667e-02 6.600000000000003642e-01 -8.200000000000005063e-01 1.830000000000001181e+00 2.040000000000000480e+00 -5.500000000000002665e-01 3.900000000000001799e-01 -5.000000000000000278e-02 -8.000000000000000167e-02 -5.800000000000002931e-01 4.100000000000001976e-01 4.000000000000002859e-02 -5.400000000000002576e-01 7.500000000000004441e-01 5.000000000000002220e-01 -7.000000000000000666e-02 2.999999999999997113e-02 -4.500000000000002331e-01 1.699999999999999845e-01 -3.500000000000000888e-01 -1.460000000000001075e+00 1.080000000000000737e+00 -1.730000000000001315e+00 -4.300000000000002154e-01 3.800000000000001710e-01 -3.200000000000001177e-01 3.300000000000001266e-01 -1.340000000000000968e+00 2.100000000000000200e-01 -7.500000000000005551e-01 -1.860000000000001430e+00 2.100000000000000200e-01 -3.100000000000001088e-01 4.900000000000002132e-01 1.080000000000000737e+00 -1.200000000000000844e+00 4.500000000000002331e-01 1.110000000000000764e+00 5.500000000000002665e-01 -5.600000000000002753e-01 -1.100000000000000755e+00 -1.099999999999999867e-01 1.470000000000001084e+00 -6.000000000000003109e-01 4.000000000000001887e-01 1.400000000000001021e+00 2.700000000000000733e-01
4.700000000000002509e-01 9.999999999999999167e-02 -2.010000000000001119e+00 -1.020000000000000684e+00 0.000000000000000000e+00 -2.900000000000000910e-01 -1.220000000000000862e+00 3.900000000000001799e-01 4.800000000000002043e-01 1.880000000000001448e+00 -7.000000000000003997e-01 1.540000000000001146e+00 1.430000000000001048e+00 -1.530000000000001137e+00 -1.870000000000001439e+00 -3.900000000000001799e-01 1.740000000000001323e+00 2.449999999999991740e+00 2.169999999999997708e+00 8.200000000000005063e-01 -2.119999999999998774e+00 2.589999999999988756e+00 7.800000000000004707e-01 -2.309999999999994724e+00 -4.569999999999946994e+00 1.210000000000000853e+00 -1.199999999999999539e-01 1.300000000000000933e+00 -4.900000000000002687e-01 6.059999999999915232e+00 -3.600000000000001532e-01 7.300000000000004263e-01 4.800000000000003153e-01 -5.100000000000002309e-01 -5.100000000000002309e-01 1.270000000000000906e+00 2.129999999999998561e+00 1.950000000000001510e+00 -1.800000000000001377e+00 6.600000000000003642e-01 7.900000000000004796e-01 1.099999999999999867e-01 6.400000000000003464e-01 3.939999999999959979e+00 5.100000000000002309e-01 2.139999999999998348e+00 -1.900000000000000022e-01 1.550000000000001155e+00 2.000000000000000666e-01 -1.570000000000001172e+00 1.210000000000000853e+00 1.170000000000000817e+00 -2.600000000000000644e-01 -8.600000000000005418e-01 -2.449999999999991740e+00 7.700000000000004619e-01 9.300000000000006040e-01 4.000000000000000777e-02 -2.379999999999993232e+00 -2.099999999999999645e-01 -4.100000000000001976e-01 -1.040000000000000702e+00 -3.200000000000000622e-01 -1.199999999999999817e-01
9.999999999999996392e-02 5.200000000000002398e-01 2.399999999999999911e-01 -4.700000000000002509e-01 -2.900000000000000910e-01 0.000000000000000000e+00 3.200000000000001177e-01 1.199999999999999817e-01 2.100000000000000200e-01 -1.080000000000000737e+00 -7.300000000000004263e-01 -2.100000000000000755e-01 9.500000000000006217e-01 1.560000000000001164e+00 4.400000000000002243e-01 -8.600000000000005418e-01 5.200000000000002398e-01 1.010000000000000675e+00 4.400000000000002243e-01 -2.200000000000000844e-01 2.100000000000000200e-01 1.710000000000001297e+00 3.199999999999976197e+00 2.149999999999998135e+00 -8.800000000000005596e-01 2.400000000000000466e-01 9.400000000000006128e-01 1.310000000000000941e+00 2.369999999999993445e+00 8.000000000000004885e-01 -1.250000000000000888e+00 -3.500000000000001443e-01 -5.200000000000002398e-01 -7.500000000000004441e-01 9.400000000000006128e-01 -1.380000000000001004e+00 -1.560000000000001164e+00 -4.600000000000001865e-01 7.400000000000004352e-01 -1.000000000000000368e-02 1.430000000000001048e+00 -1.400000000000001021e+00 -5.000000000000002220e-01 2.269999999999995577e+00 -1.699999999999999845e-01 -3.200000000000001177e-01 -4.100000000000001976e-01 -4.000000000000000083e-02 7.200000000000004174e-01 -7.700000000000004619e-01 -9.000000000000005773e-01 5.200000000000002398e-01 -3.400000000000001354e-01 -1.030000000000000693e+00 9.300000000000006040e-01 3.000000000000000999e-01 -3.800000000000001710e-01 -3.469446951953614189e-18 -4.100000000000001421e-01 -1.299999999999999489e-01 -5.200000000000002398e-01 -1.180000000000000826e+00 1.210000000000000853e+00 -4.700000000000001954e-01
-8.000000000000000167e-02 1.299999999999999489e-01 6.800000000000003819e-01 3.469446951953614189e-18 -1.220000000000000862e+00 3.200000000000001177e-01 0.000000000000000000e+00 -1.210000000000000853e+00 5.800000000000002931e-01 2.200000000000000289e-01 -3.269999999999974261e+00 1.800000000000000211e-01 1.700000000000000122e-01 2.500000000000000555e-01 2.600000000000000644e-01 9.999999999999999167e-02 -7.800000000000004707e-01 -8.000000000000000167e-02 5.700000000000002842e-01 -1.999999999999999695e-02 1.060000000000000719e+00 5.300000000000002487e-01 4.300000000000002154e-01 -1.200000000000000844e+00 3.100000000000001088e-01 2.400000000000001021e-01 -3.400000000000001354e-01 5.600000000000002753e-01 4.700000000000001954e-01 -3.900000000000001243e-01 -6.000000000000003109e-01 2.949999999999981082e+00 -1.000000000000000368e-02 3.400000000000001354e-01 -4.100000000000001976e-01 5.800000000000002931e-01 -1.399999999999999578e-01 4.000000000000000777e-02 -5.000000000000002220e-01 4.600000000000001865e-01 3.700000000000001621e-01 6.889999999999897540e+00 -2.000000000000000389e-01 7.800000000000004707e-01 -1.499999999999999944e-01 7.000000000000000666e-02 -3.600000000000001532e-01 1.150000000000000799e+00 -5.200000000000002398e-01 -5.000000000000002220e-01 -1.300000000000000044e-01 -3.800000000000001710e-01 4.000000000000001887e-01 2.000000000000000389e-01 -5.900000000000003020e-01 2.300000000000000377e-01 -5.000000000000002220e-01 -8.400000000000005240e-01 -4.000000000000001887e-01 -8.500000000000005329e-01 -2.469999999999991314e+00 4.200000000000002065e-01 -3.999999999999997308e-02 3.900000000000001799e-01
6.000000000000000472e-02 -8.999999999999999667e-02 1.310000000000000941e+00 9.300000000000006040e-01 3.900000000000001799e-01 1.199999999999999817e-01 -1.210000000000000853e+00 0.000000000000000000e+00 -9.999999999999996739e-03 -5.000000000000000278e-02 -4.800000000000002598e-01 -7.200000000000004174e-01 -4.100000000000001976e-01 1.199999999999999817e-01 2.999999999999999889e-02 1.199999999999999817e-01 5.800000000000002931e-01 1.399999999999999856e-01 -6.800000000000003819e-01 -9.300000000000006040e-01 -1.800000000000000211e-01 9.999999999999999167e-02 3.300000000000001266e-01 2.300000000000000655e-01 4.000000000000001887e-01 -2.300000000000000655e-01 -2.800000000000000822e-01 -4.200000000000002065e-01 1.999999999999999695e-02 -2.100000000000000477e-01 3.500000000000001443e-01 2.600000000000000644e-01 -1.590000000000001190e+00 2.999999999999999889e-02 -8.000000000000000167e-02 -4.900000000000002132e-01 -2.200000000000000566e-01 -3.469446951953614189e-18 1.800000000000000211e-01 1.600000000000000033e-01 -3.400000000000001354e-01 1.099999999999999867e-01 -5.700000000000002842e-01 5.000000000000002220e-01 -6.000000000000000472e-02 -3.900000000000001799e-01 1.700000000000000122e-01 4.000000000000001887e-01 5.300000000000002487e-01 1.180000000000000826e+00 -4.000000000000000777e-02 -2.300000000000000655e-01 -4.800000000000002598e-01 2.200000000000000566e-01 4.600000000000002420e-01 5.700000000000002842e-01 3.900000000000001799e-01 -5.600000000000002753e-01 -4.800000000000002598e-01 -5.200000000000002398e-01 -1.299999999999999767e-01 1.700000000000000122e-01 3.200000000000001177e-01 1.060000000000000719e+00
5.000000000000000278e-02 8.999999999999999667e-02 1.900000000000000022e-01 -2.799999999999984279e+00 4.800000000000002043e-01 2.100000000000000200e-01 5.800000000000002931e-01 -9.999999999999996739e-03 0.000000000000000000e+00 5.200000000000002398e-01 -9.999999999999999167e-02 2.000000000000000389e-02 -4.500000000000002331e-01 -3.500000000000001443e-01 -1.199999999999999817e-01 2.100000000000000477e-01 4.000000000000000083e-02 5.100000000000002309e-01 1.099999999999999867e-01 -5.900000000000003020e-01 -9.200000000000005951e-01 -2.700000000000000733e-01 1.299999999999999767e-01 3.800000000000001710e-01 2.000000000000000389e-01 3.100000000000001088e-01 -2.400000000000000744e-01 -1.900000000000000300e-01 -4.300000000000002154e-01 -8.999999999999999667e-02 -1.600000000000000033e-01 4.800000000000002598e-01 2.300000000000000655e-01 -1.660000000000001252e+00 1.999999999999999695e-02 3.000000000000000583e-02 -5.000000000000002220e-01 -3.300000000000001266e-01 -2.999999999999999889e-02 2.700000000000000733e-01 1.700000000000000122e-01 -3.500000000000001443e-01 6.000000000000000472e-02 -4.600000000000002420e-01 4.900000000000002132e-01 -1.499999999999999944e-01 -3.600000000000001532e-01 2.800000000000000822e-01 3.900000000000001799e-01 5.400000000000002576e-01 1.130000000000000782e+00 -3.000000000000000583e-02 -2.000000000000000389e-01 -4.700000000000002509e-01 3.500000000000001443e-01 4.900000000000002687e-01 5.600000000000002753e-01 3.800000000000001710e-01 -6.100000000000003197e-01 -4.700000000000002509e-01 -5.100000000000002309e-01 -8.000000000000000167e-02 2.000000000000000389e-01 3.300000000000001266e-01
5.100000000000002309e-01 6.000000000000000472e-02 1.030000000000000693e+00 -6.600000000000003642e-01 1.880000000000001448e+00 -1.080000000000000737e+00 2.200000000000000289e-01 -5.000000000000000278e-02 5.200000000000002398e-01 0.000000000000000000e+00 4.900000000000002687e-01 -1.999999999999999695e-02 -9.999999999999996392e-02 -7.800000000000004707e-01 -3.100000000000001088e-01 2.500000000000000555e-01 3.600000000000001532e-01 2.109999999999998987e+00 -3.000000000000000999e-01 -1.299999999999999767e-01 2.700000000000000733e-01 -8.200000000000005063e-01 -1.110000000000000764e+00 -1.900000000000000022e-01 7.200000000000004174e-01 6.800000000000003819e-01 2.469999999999991314e+00 -3.999999999999997308e-02 -7.500000000000004441e-01 -6.100000000000003197e-01 6.500000000000003553e-01 -1.440000000000001057e+00 9.400000000000006128e-01 5.100000000000002309e-01 1.860000000000001208e+00 1.999999999999999695e-02 -5.900000000000003020e-01 -2.099999999999999201e+00 4.900000000000002132e-01 9.300000000000006040e-01 7.500000000000004441e-01 1.130000000000000782e+00 3.649999999999966160e+00 -5.200000000000002398e-01 -2.000000000000000389e-02 -7.900000000000004796e-01 -1.170000000000000817e+00 2.200000000000000289e-01 6.800000000000003819e-01 -2.700000000000000733e-01 -9.800000000000006484e-01 8.100000000000004974e-01 -8.999999999999999667e-02 -6.800000000000004929e-01 1.900000000000000022e-01 5.500000000000002665e-01 9.300000000000006040e-01 9.200000000000005951e-01 -1.600000000000000033e-01 -1.030000000000000693e+00 1.099999999999999589e-01 -1.030000000000000693e+00 -1.800000000000000211e-01 2.400000000000001021e-01
1.700000000000000122e-01 5.200000000000002398e-01 2.000000000000000111e-01 4.400000000000002243e-01 -7.000000000000003997e-01 -7.300000000000004263e-01 -3.269999999999974261e+00 -4.800000000000002598e-01 -9.999999999999999167e-02 4.900000000000002687e-01 0.000000000000000000e+00 -2.100000000000000477e-01 5.500000000000002665e-01 -3.600000000000001532e-01 -8.800000000000005596e-01 2.800000000000000822e-01 4.300000000000002154e-01 -7.100000000000004086e-01 2.159999999999997922e+00 -2.249999999999996003e+00 -3.059999999999978737e+00 3.500000000000001443e-01 1.599999999999999201e-01 -1.070000000000000728e+00 -1.670000000000001261e+00 -3.469446951953614189e-18 -4.200000000000002065e-01 3.209999999999975540e+00 3.379999999999971916e+00 -8.900000000000005684e-01 1.870000000000001439e+00 -9.500000000000006217e-01 2.199999999999999734e-01 -1.799999999999999933e-01 -3.729999999999964455e+00 1.140000000000000790e+00 2.400000000000000466e-01 -1.430000000000001048e+00 -3.800000000000002265e-01 -1.499999999999999667e-01 -1.070000000000000728e+00 7.500000000000004441e-01 1.390000000000001013e+00 -5.300000000000002487e-01 -2.679999999999986837e+00 -4.000000000000000777e-02 5.500000000000002665e-01 -3.500000000000001443e-01 -3.200000000000001177e-01 2.600000000000000644e-01 2.489999999999990887e+00 4.039999999999958291e+00 2.999999999999997113e-02 9.900000000000006573e-01 -1.600000000000001199e+00 1.350000000000000977e+00 1.850000000000001421e+00 -1.499999999999999944e-01 -8.000000000000000167e-02 -1.180000000000000826e+00 6.500000000000003553e-01 2.500000000000000555e-01 -2.169999999999997708e+00 -2.400000000000000466e-01
-6.500000000000003553e-01 1.600000000000000033e-01 2.600000000000000644e-01 5.900000000000003020e-01 1.540000000000001146e+00 -2.100000000000000755e-01 1.800000000000000211e-01 -7.200000000000004174e-01 2.000000000000000389e-02 -1.999999999999999695e-02 -2.100000000000000477e-01 0.000000000000000000e+00 -6.200000000000003286e-01 -1.250000000000000888e+00 8.300000000000005151e-01 -6.600000000000003642e-01 1.400000000000001021e+00 -1.000000000000000666e+00 1.750000000000001332e+00 1.530000000000001137e+00 -3.439999999999970637e+00 8.100000000000004974e-01 -2.139999999999998348e+00 3.400000000000001354e-01 -1.430000000000001048e+00 -3.109999999999977671e+00 2.800000000000000822e-01 -2.400000000000000466e-01 -6.300000000000003375e-01 7.800000000000005818e-01 5.900000000000003020e-01 7.500000000000004441e-01 -7.100000000000004086e-01 -3.800000000000001710e-01 -2.020000000000000906e+00 -4.500000000000002331e-01 -2.359999999999993658e+00 2.800000000000000822e-01 4.100000000000001976e-01 -7.999999999999997391e-02 -3.700000000000001621e-01 8.700000000000005507e-01 1.900000000000000022e-01 1.030000000000000693e+00 -2.249999999999996003e+00 -5.600000000000002753e-01 -5.039999999999936975e+00 -1.130000000000000782e+00 -5.500000000000002665e-01 -1.740000000000001323e+00 2.800000000000000822e-01 1.810000000000001386e+00 1.600000000000000033e-01 8.500000000000005329e-01 2.629999999999987903e+00 -2.000000000000000389e-01 -2.100000000000000477e-01 -7.100000000000004086e-01 -1.499999999999999944e-01 1.160000000000000808e+00 -1.160000000000000808e+00 6.300000000000003375e-01 1.700000000000000122e-01 -2.100000000000000200e-01
-9.600000000000006306e-01 -6.600000000000003642e-01 6.200000000000003286e-01 -5.100000000000002309e-01 1.430000000000001048e+00 9.500000000000006217e-01 1.700000000000000122e-01 -4.100000000000001976e-01 -4.500000000000002331e-01 -9.999999999999996392e-02 5.500000000000002665e-01 -6.200000000000003286e-01 0.000000000000000000e+00 3.900000000000001799e-01 1.390000000000001013e+00 -1.220000000000000862e+00 -1.520000000000001128e+00 -7.900000000000004796e-01 3.900000000000001799e-01 1.299999999999999489e-01 4.800000000000002043e-01 1.700000000000001288e+00 -6.369999999999908624e+00 -1.060000000000000719e+00 -9.700000000000006395e-01 1.000000000000000666e+00 -7.600000000000004530e-01 -2.500000000000000555e-01 -4.700000000000002509e-01 -1.199999999999998984e-01 -2.700000000000000733e-01 1.300000000000000933e+00 -5.200000000000002398e-01 2.000000000000000389e-02 -9.100000000000005862e-01 -9.999999999999996739e-03 -1.399999999999999856e-01 -1.556999999999971251e+01 1.499999999999999944e-01 -9.600000000000006306e-01 -4.989999999999938041e+00 1.980000000000001537e+00 6.000000000000000472e-02 -2.179999999999997495e+00 -1.399999999999999856e-01 8.200000000000005063e-01 -1.570000000000001172e+00 -4.500000000000002331e-01 -1.320000000000000950e+00 -8.600000000000005418e-01 3.900000000000001799e-01 7.100000000000004086e-01 6.200000000000003286e-01 4.500000000000002331e-01 -2.119999999999998774e+00 -6.200000000000003286e-01 -7.900000000000004796e-01 -1.900000000000001465e+00 9.800000000000006484e-01 -8.000000000000000167e-02 4.700000000000002509e-01 -9.100000000000005862e-01 6.000000000000001166e-02 -4.000000000000001887e-01
-2.500000000000000555e-01 -9.700000000000006395e-01 -5.200000000000002398e-01 -1.130000000000000782e+00 -1.530000000000001137e+00 1.560000000000001164e+00 2.500000000000000555e-01 1.199999999999999817e-01 -3.500000000000001443e-01 -7.800000000000004707e-01 -3.600000000000001532e-01 -1.250000000000000888e+00 3.900000000000001799e-01 0.000000000000000000e+00 7.000000000000000666e-02 -1.399999999999999856e-01 -8.800000000000005596e-01 5.700000000000002842e-01 -1.010000000000000675e+00 -4.200000000000002065e-01 -1.340000000000000968e+00 1.860000000000001430e+00 1.110000000000000764e+00 -5.000000000000000278e-02 -6.000000000000000472e-02 2.900000000000000910e-01 -1.280000000000000915e+00 -2.999999999999997113e-02 -2.200000000000000289e-01 2.400000000000000466e-01 -1.070000000000000728e+00 -9.000000000000005773e-01 1.499999999999999112e-01 -2.749999999999985345e+00 1.099999999999999034e-01 1.620000000000001217e+00 -3.200000000000000622e-01 1.650000000000001243e+00 5.359999999999930154e+00 -9.800000000000006484e-01 -7.300000000000004263e-01 1.580000000000001181e+00 8.100000000000004974e-01 2.169999999999997708e+00 1.310000000000000941e+00 1.410000000000001030e+00 -3.909999999999960618e+00 -2.040000000000000480e+00 1.220000000000000862e+00 -1.450000000000001066e+00 4.700000000000001954e-01 -7.000000000000003997e-01 -1.999999999999999695e-02 -2.700000000000000733e-01 3.219999999999975326e+00 -2.900000000000000910e-01 3.500000000000001443e-01 1.520000000000001128e+00 1.950000000000001510e+00 -3.700000000000001621e-01 -1.700000000000000122e-01 -1.120000000000000773e+00 -1.880000000000001448e+00 -3.500000000000001443e-01
1.900000000000000022e-01 -2.200000000000000566e-01 -1.930000000000001270e+00 3.500000000000001443e-01 -1.870000000000001439e+00 4.400000000000002243e-01 2.600000000000000644e-01 2.999999999999999889e-02 -1.199999999999999817e-01 -3.100000000000001088e-01 -8.800000000000005596e-01 8.300000000000005151e-01 1.390000000000001013e+00 7.000000000000000666e-02 0.000000000000000000e+00 4.300000000000002154e-01 4.700000000000002509e-01 -1.940000000000001501e+00 6.600000000000004752e-01 -3.000000000000008216e-02 -1.270000000000000906e+00 4.400000000000001688e-01 1.760000000000001341e+00 4.000000000000000083e-02 3.300000000000001266e-01 -1.900000000000000300e-01 1.700000000000001288e+00 -9.700000000000006395e-01 -1.320000000000000950e+00 -1.000000000000000666e+00 9.600000000000006306e-01 1.310000000000000941e+00 4.400000000000002243e-01 4.900000000000002132e-01 -2.889999999999982361e+00 -1.099999999999999034e-01 1.480000000000001092e+00 -2.200000000000000289e-01 3.300000000000001266e-01 4.400000000000001688e-01 7.000000000000003997e-01 -1.900000000000000300e-01 -2.800000000000001377e-01 1.270000000000000906e+00 2.929999999999981508e+00 3.300000000000001266e-01 -3.900000000000001243e-01 -9.300000000000006040e-01 -1.200000000000000844e+00 -1.100000000000000755e+00 1.170000000000000817e+00 1.700000000000000400e-01 6.000000000000000472e-02 -3.469446951953614189e-18 1.170000000000000817e+00 9.000000000000005773e-01 -2.300000000000000377e-01 1.970000000000001306e+00 2.279999999999995364e+00 6.900000000000003908e-01 2.749999999999985345e+00 8.100000000000004974e-01 -1.400000000000001021e+00 -3.000000000000000999e-01
3.600000000000001532e-01 1.799999999999999933e-01 -1.720000000000001306e+00 4.200000000000002065e-01 -3.900000000000001799e-01 -8.600000000000005418e-01 9.999999999999999167e-02 1.199999999999999817e-01 2.100000000000000477e-01 2.500000000000000555e-01 2.800000000000000822e-01 -6.600000000000003642e-01 -1.220000000000000862e+00 -1.399999999999999856e-01 4.300000000000002154e-01 0.000000000000000000e+00 -1.199999999999999817e-01 -9.000000000000005773e-01 -4.600000000000002420e-01 1.499999999999999944e-01 4.999999999999997502e-02 -2.400000000000000466e-01 8.600000000000005418e-01 3.700000000000001621e-01 -1.700000000000000122e-01 2.999999999999999889e-02 2.800000000000000822e-01 5.800000000000002931e-01 -1.590000000000001190e+00 -1.399999999999999856e-01 -1.099999999999999867e-01 4.900000000000002687e-01 7.000000000000003997e-01 -1.700000000000000122e-01 -4.400000000000002243e-01 -3.400000000000001354e-01 9.999999999999999167e-02 -5.000000000000000971e-02 2.700000000000000733e-01 5.200000000000002398e-01 -1.310000000000000941e+00 1.900000000000000022e-01 -1.600000000000000033e-01 -2.500000000000000555e-01 -1.600000000000000033e-01 -3.000000000000000999e-01 9.999999999999999167e-02 4.400000000000002243e-01 -4.000000000000000083e-02 4.100000000000001976e-01 -7.900000000000004796e-01 1.199999999999999817e-01 -4.600000000000002420e-01 -6.700000000000003730e-01 5.000000000000000278e-02 5.000000000000002220e-01 8.100000000000004974e-01 1.520000000000001128e+00 -2.400000000000000466e-01 -4.900000000000002132e-01 -7.400000000000004352e-01 6.000000000000000472e-02 5.800000000000002931e-01 6.300000000000003375e-01
1.600000000000000033e-01 3.700000000000001621e-01 -1.040000000000000702e+00 -7.100000000000004086e-01 1.740000000000001323e+00 5.200000000000002398e-01 -7.800000000000004707e-01 5.800000000000002931e-01 4.000000000000000083e-02 3.600000000000001532e-01 4.300000000000002154e-01 1.400000000000001021e+00 -1.520000000000001128e+00 -8.800000000000005596e-01 4.700000000000002509e-01 -1.199999999999999817e-01 0.000000000000000000e+00 4.100000000000001976e-01 -5.600000000000002753e-01 -5.200000000000002398e-01 -5.200000000000002398e-01 -2.300000000000000655e-01 2.999999999999999889e-02 4.400000000000002243e-01 1.160000000000000808e+00 5.900000000000003020e-01 -1.900000000000000022e-01 -9.999999999999996739e-03 -4.800000000000002598e-01 -4.200000000000002065e-01 -8.999999999999999667e-02 3.000000000000000999e-01 1.700000000000000122e-01 2.000000000000000389e-01 -3.500000000000001443e-01 -3.200000000000001177e-01 -5.400000000000002576e-01 -2.000000000000000389e-01 -7.000000000000000666e-02 5.700000000000002842e-01 3.400000000000001354e-01 -1.530000000000001137e+00 1.299999999999999767e-01 6.000000000000000472e-02 -6.100000000000003197e-01 -4.400000000000002243e-01 9.999999999999999167e-02 3.800000000000001710e-01 2.800000000000000822e-01 -2.200000000000000289e-01 2.100000000000000477e-01 -4.300000000000002154e-01 3.000000000000000999e-01 -2.600000000000000644e-01 -2.700000000000000733e-01 3.700000000000001621e-01 5.200000000000002398e-01 6.500000000000003553e-01 1.280000000000000915e+00 9.999999999999999167e-02 -3.100000000000001088e-01 -5.400000000000002576e-01 4.200000000000002065e-01 5.800000000000002931e-01
3.500000000000001443e-01 1.700000000000000122e-01 3.949999999999959766e+00 -8.999999999999999667e-02 2.449999999999991740e+00 1.010000000000000675e+00 -8.000000000000000167e-02 1.399999999999999856e-01 5.100000000000002309e-01 2.109999999999998987e+00 -7.100000000000004086e-01 -1.000000000000000666e+00 -7.900000000000004796e-01 5.700000000000002842e-01 -1.940000000000001501e+00 -9.000000000000005773e-01 4.100000000000001976e-01 0.000000000000000000e+00 3.839999999999962110e+00 -8.800000000000005596e-01 -1.390000000000001013e+00 -9.700000000000006395e-01 -2.329999999999994298e+00 2.800000000000000822e-01 4.800000000000002043e-01 2.389999999999993019e+00 -1.090000000000000746e+00 -1.860000000000001430e+00 6.379999999999908411e+00 -1.080000000000000737e+00 4.069999999999957652e+00 7.000000000000000666e-02 1.800000000000000211e-01 -2.369999999999993445e+00 -8.279999999999867910e+00 -9.800000000000006484e-01 -8.300000000000005151e-01 -2.249999999999996003e+00 -1.170000000000000817e+00 -1.160000000000000808e+00 3.200000000000001177e-01 1.670000000000001261e+00 4.439999999999949765e+00 -3.179999999999976179e+00 -2.989999999999980229e+00 1.160000000000000808e+00 -1.750000000000001332e+00 2.900000000000000910e-01 3.500000000000001443e-01 1.250000000000000888e+00 1.630000000000001226e+00 -1.599999999999999756e-01 -2.319999999999994511e+00 6.100000000000003197e-01 8.500000000000005329e-01 -9.600000000000007416e-01 4.000000000000001887e-01 6.700000000000003730e-01 -1.280000000000000915e+00 1.030000000000000693e+00 -3.900000000000001243e-01 1.460000000000000853e+00 -2.099999999999999645e-01 -1.310000000000000941e+00
-2.000000000000000389e-01 3.600000000000001532e-01 -4.500000000000001776e-01 6.600000000000003642e-01 2.169999999999997708e+00 4.400000000000002243e-01 5.700000000000002842e-01 -6.800000000000003819e-01 1.099999999999999867e-01 -3.000000000000000999e-01 2.159999999999997922e+00 1.750000000000001332e+00 3.900000000000001799e-01 -1.010000000000000675e+00 6.600000000000004752e-01 -4.600000000000002420e-01 -5.600000000000002753e-01 3.839999999999962110e+00 0.000000000000000000e+00 -4.800000000000002043e-01 -8.300000000000005151e-01 -9.100000000000005862e-01 -6.200000000000003286e-01 -6.200000000000003286e-01 8.000000000000000167e-02 7.900000000000004796e-01 6.999999999999992339e-02 2.000000000000000111e-01 -1.100000000000000755e+00 -1.250000000000000888e+00 1.910000000000001474e+00 9.999999999999996739e-03 1.500000000000001110e+00 -6.400000000000003464e-01 -1.650000000000001021e+00 -1.000000000000000666e+00 7.000000000000000666e-02 1.840000000000001412e+00 -2.000000000000000389e-02 6.800000000000003819e-01 -1.350000000000000977e+00 -1.900000000000000022e-01 -2.259999999999995790e+00 -9.000000000000007994e-02 1.900000000000000022e-01 1.600000000000001199e+00 4.900000000000002132e-01 -5.999999999999992145e-02 1.020000000000000684e+00 -2.179999999999997495e+00 -2.579999999999988969e+00 7.200000000000004174e-01 -2.700000000000000733e-01 -6.300000000000003375e-01 -1.360000000000000986e+00 -2.839999999999983427e+00 9.700000000000006395e-01 -1.700000000000000122e-01 -7.999999999999991840e-02 9.100000000000005862e-01 -9.800000000000006484e-01 -6.800000000000003819e-01 7.500000000000004441e-01 -1.820000000000001394e+00
-2.100000000000000477e-01 -1.700000000000000122e-01 1.760000000000001119e+00 -8.200000000000005063e-01 8.200000000000005063e-01 -2.200000000000000844e-01 -1.999999999999999695e-02 -9.300000000000006040e-01 -5.900000000000003020e-01 -1.299999999999999767e-01 -2.249999999999996003e+00 1.530000000000001137e+00 1.299999999999999489e-01 -4.200000000000002065e-01 -3.000000000000008216e-02 1.499999999999999944e-01 -5.200000000000002398e-01 -8.800000000000005596e-01 -4.800000000000002043e-01 0.000000000000000000e+00 -1.770000000000001350e+00 -3.100000000000001088e-01 2.800000000000001377e-01 -3.200000000000001177e-01 -1.099999999999999589e-01 -1.499999999999999667e-01 4.900000000000002132e-01 4.019999999999958717e+00 -5.400000000000002576e-01 -8.700000000000005507e-01 -1.630000000000001226e+00 -5.600000000000002753e-01 -1.160000000000000808e+00 8.000000000000004885e-01 -6.700000000000003730e-01 -8.700000000000005507e-01 1.360000000000000986e+00 -1.210000000000000853e+00 -6.000000000000003247e-02 -3.609999999999967013e+00 -2.500000000000000555e-01 -7.200000000000004174e-01 -1.080000000000000737e+00 9.900000000000006573e-01 5.200000000000003508e-01 7.200000000000004174e-01 1.750000000000001332e+00 -7.400000000000005462e-01 -1.590000000000001190e+00 2.100000000000000200e-01 -2.050000000000000266e+00 1.900000000000000022e-01 5.700000000000002842e-01 -9.600000000000006306e-01 1.760000000000001341e+00 1.210000000000000853e+00 -4.500000000000002331e-01 1.760000000000001341e+00 -3.200000000000001177e-01 -5.700000000000002842e-01 -1.640000000000001235e+00 -1.390000000000001013e+00 -1.950000000000001510e+00 -3.600000000000000977e-01
-4.500000000000002331e-01 -2.400000000000000466e-01 9.100000000000005862e-01 1.830000000000001181e+00 -2.119999999999998774e+00 2.100000000000000200e-01 1.060000000000000719e+00 -1.800000000000000211e-01 -9.200000000000005951e-01 2.700000000000000733e-01 -3.059999999999978737e+00 -3.439999999999970637e+00 4.800000000000002043e-01 -1.340000000000000968e+00 -1.270000000000000906e+00 4.999999999999997502e-02 -5.200000000000002398e-01 -1.390000000000001013e+00 -8.300000000000005151e-01 -1.770000000000001350e+00 0.000000000000000000e+00 7.700000000000004619e-01 -6.100000000000003197e-01 -5.100000000000002309e-01 -7.800000000000004707e-01 -5.400000000000002576e-01 6.100000000000003197e-01 7.500000000000004441e-01 5.569999999999925677e+00 5.400000000000002576e-01 -4.000000000000002859e-02 -3.500000000000001443e-01 -9.700000000000006395e-01 1.460000000000001075e+00 -5.000000000000002220e-01 1.480000000000001092e+00 1.650000000000001243e+00 -1.430000000000001048e+00 -3.999999999999997308e-02 -5.900000000000003020e-01 -4.600000000000002420e-01 1.030000000000000693e+00 -1.080000000000000737e+00 -5.800000000000002931e-01 2.409999999999992593e+00 4.199999999999954881e+00 1.560000000000001164e+00 -6.500000000000003553e-01 1.940000000000001501e+00 5.100000000000002309e-01 -5.500000000000002665e-01 -5.000000000000000278e-02 4.700000000000001954e-01 5.000000000000003053e-02 -5.800000000000002931e-01 -1.220000000000000862e+00 1.590000000000001190e+00 7.700000000000004619e-01 -1.000000000000000666e+00 -2.600000000000000644e-01 6.500000000000003553e-01 -2.000000000000000111e-01 1.090000000000000746e+00 -1.070000000000000728e+00
-7.000000000000000666e-02 -4.800000000000002598e-01 3.400000000000001354e-01 2.040000000000000480e+00 2.589999999999988756e+00 1.710000000000001297e+00 5.300000000000002487e-01 9.999999999999999167e-02 -2.700000000000000733e-01 -8.200000000000005063e-01 3.500000000000001443e-01 8.100000000000004974e-01 1.700000000000001288e+00 1.860000000000001430e+00 4.400000000000001688e-01 -2.400000000000000466e-01 -2.300000000000000655e-01 -9.700000000000006395e-01 -9.100000000000005862e-01 -3.100000000000001088e-01 7.700000000000004619e-01 0.000000000000000000e+00 9.000000000000005773e-01 2.300000000000000377e-01 -2.700000000000000733e-01 -1.350000000000000977e+00 6.000000000000000472e-02 -4.000000000000000083e-02 -2.700000000000000733e-01 2.030000000000000693e+00 8.100000000000004974e-01 3.469446951953614189e-18 -2.200000000000000289e-01 4.300000000000002154e-01 -8.700000000000005507e-01 -2.799999999999984279e+00 -7.000000000000003997e-01 8.600000000000005418e-01 1.830000000000001403e+00 8.999999999999996891e-02 4.600000000000002420e-01 1.499999999999999944e-01 -7.600000000000004530e-01 -9.200000000000005951e-01 2.000000000000000111e-01 1.070000000000000728e+00 -6.699999999999901590e+00 5.600000000000002753e-01 -1.099999999999999867e-01 -1.560000000000001164e+00 3.369999999999972129e+00 1.350000000000000977e+00 3.000000000000000583e-02 -8.999999999999999667e-02 3.700000000000001621e-01 -6.600000000000003642e-01 -7.400000000000004352e-01 -5.900000000000003020e-01 7.000000000000000666e-02 -7.400000000000004352e-01 -1.600000000000000033e-01 -4.500000000000002331e-01 -1.700000000000001288e+00 -1.030000000000000693e+00
-1.600000000000000033e-01 -1.999999999999999695e-02 1.000000000000000666e+00 -5.500000000000002665e-01 7.800000000000004707e-01 3.199999999999976197e+00 4.300000000000002154e-01 3.300000000000001266e-01 1.299999999999999767e-01 -1.110000000000000764e+00 1.599999999999999201e-01 -2.139999999999998348e+00 -6.369999999999908624e+00 1.110000000000000764e+00 1.760000000000001341e+00 8.600000000000005418e-01 2.999999999999999889e-02 -2.329999999999994298e+00 -6.200000000000003286e-01 2.800000000000001377e-01 -6.100000000000003197e-01 9.000000000000005773e-01 0.000000000000000000e+00 -1.120000000000000773e+00 9.100000000000005862e-01 1.080000000000000737e+00 1.640000000000001235e+00 -2.400000000000000466e-01 4.500000000000002331e-01 -7.500000000000004441e-01 1.120000000000000773e+00 8.000000000000000167e-02 2.200000000000000289e-01 1.070000000000000728e+00 -2.900000000000000355e-01 8.000000000000000167e-02 -2.400000000000000466e-01 -2.369999999999993445e+00 -4.900000000000002132e-01 -2.700000000000000733e-01 9.999999999999996392e-02 -1.040000000000000702e+00 -1.250000000000000888e+00 -6.000000000000003109e-01 -2.900000000000000910e-01 1.350000000000000977e+00 1.420000000000001039e+00 4.469999999999949125e+00 1.900000000000000022e-01 -5.000000000000003331e-01 1.830000000000001403e+00 9.600000000000006306e-01 4.800000000000002043e-01 1.120000000000000773e+00 3.600000000000001532e-01 1.680000000000001270e+00 -1.550000000000001155e+00 8.700000000000005507e-01 3.469446951953614189e-18 -4.800000000000002043e-01 -5.300000000000002487e-01 -7.300000000000004263e-01 -4.400000000000002243e-01 -2.229999999999996430e+00
4.200000000000002065e-01 -1.299999999999999767e-01 -1.020000000000000684e+00 3.900000000000001799e-01 -2.309999999999994724e+00 2.149999999999998135e+00 -1.200000000000000844e+00 2.300000000000000655e-01 3.800000000000001710e-01 -1.900000000000000022e-01 -1.070000000000000728e+00 3.400000000000001354e-01 -1.060000000000000719e+00 -5.000000000000000278e-02 4.000000000000000083e-02 3.700000000000001621e-01 4.400000000000002243e-01 2.800000000000000822e-01 -6.200000000000003286e-01 -3.200000000000001177e-01 -5.100000000000002309e-01 2.300000000000000377e-01 -1.120000000000000773e+00 0.000000000000000000e+00 -9.999999999999996392e-02 -6.000000000000003109e-01 -5.700000000000002842e-01 1.600000000000001199e+00 -1.580000000000001181e+00 -6.400000000000003464e-01 4.100000000000001976e-01 1.390000000000001013e+00 -3.000000000000000999e-01 1.040000000000000702e+00 3.400000000000001354e-01 8.999999999999999667e-02 4.700000000000001954e-01 -1.800000000000000211e-01 3.200000000000001177e-01 4.300000000000002154e-01 -4.300000000000002154e-01 4.300000000000002154e-01 6.200000000000003286e-01 4.400000000000001688e-01 -1.500000000000000222e-01 -4.200000000000002065e-01 -5.000000000000000278e-02 6.200000000000003286e-01 -1.230000000000000870e+00 4.500000000000002331e-01 -4.000000000000000083e-02 -6.100000000000003197e-01 -7.000000000000003997e-01 -4.000000000000001887e-01 1.800000000000000211e-01 5.000000000000002220e-01 2.000000000000000389e-02 5.500000000000002665e-01 -1.499999999999999944e-01 3.800000000000001710e-01 -5.400000000000002576e-01 -7.300000000000004263e-01 5.300000000000002487e-01 7.400000000000004352e-01
